station_id longitude latitude elevation
466881 121.5252 24.9592 24.5
466900 121.4489 25.1649 19
466910 121.5297 25.1826 837.6
466920 121.5149 25.0377 6.3
466930 121.5445 25.1621 607.1
466940 121.7405 25.1333 26.7
466950 122.0797 25.628 101.7
466990 121.6133 23.9751 16.1
467050 121.0475 25.0067 20.6
467080 121.7565 24.764 7.2
467110 118.2893 24.4073 47.9
467270 120.5813 23.8738 48.6
467300 119.6676 23.2573 43
467350 119.5631 23.5655 10.7
467410 120.2049 22.9933 40.8
467420 120.2367 23.0384 8.1
467441 120.3125 22.7304 11.8
467480 120.4329 23.4959 26.9
467490 120.6841 24.1457 84
467530 120.8132 23.5082 2413.4
467540 120.9037 22.3557 8.1
467550 120.9594 23.4872 3844.8
467571 121.0142 24.8279 26.9
467590 120.7463 22.0039 22.3
467610 121.3734 23.0975 33.5
467620 121.5584 22.0369 324
467650 120.9081 23.8813 1017.5
467660 121.1546 22.7522 9
467790 120.808 21.9482 42
467990 119.9232 26.1695 97.8
466880 121.442 24.9976 9.7
466921 121.5132 25.0363 6.1
467060 121.8574 24.5967 24.9
467411 120.2367 23.0384 8.1
467440 120.3157 22.566 2.3
467570 120.9776 24.8004 32.8
467770 120.5234 24.256 31.73
467780 120.0862 23.147 2.9
466850 121.7812 25.0712 756
467280 120.8318 24.6486 30
460010 121.7749 24.7482 9.5
460020 120.8748 23.4816 2860
467290 120.5519 23.6336 90
C0A520 121.402 24.9749 48
C0A530 121.7098 24.9382 300
C0A540 121.7457 24.8926 401
C0A550 121.8237 24.9712 422
C0A560 121.5028 24.7762 405
C0A570 121.598 24.8482 360
C0A640 121.6629 24.994 241
C0A650 121.7429 25.0027 287
C0A660 121.8011 25.1132 97
C0A770 121.5165 25.0964 60
C0A860 121.633 25.1659 362
C0A870 121.6087 25.1322 685
C0A880 121.9421 25.0178 6
C0A890 121.8642 25.036 40
C0A920 121.5653 25.2638 196
C0A931 121.5952 25.2332 216
C0A940 121.644 25.2236 49
C0A950 121.9234 25.129 60
C0A970 122.0021 25.0076 96
C0A980 121.4697 25.1095 11
C0A9C0 121.5372 25.1175 35
C0A9F0 121.5755 25.0794 35
C0AC40 121.5224 25.1757 1079
C0AC60 121.3697 24.939 55
C0AC70 121.5646 25.0378 71
C0AC80 121.5757 25.0024 40
C0ACA0 121.4468 25.0515 25
C0AD00 121.5019 25.2581 86
C0AD10 121.4039 25.1502 27
C0AD30 121.4723 25.0866 20
C0AD40 121.4452 24.9732 32
C0AD50 121.3463 24.9515 84
C0AG80 121.4918 24.9916 48
C0AH00 121.6588 25.0669 38
C0AH10 121.5081 25.0113 30
C0AH30 121.7808 25.0713 755
C0AH40 121.5771 25.1291 426
C0AH50 121.3808 25.0722 275
C0AH70 121.5504 25.0487 34
C0AH80 121.6283 25.0027 68
C0AH90 121.5814 24.7607 660
C0AI00 121.4273 25.0745 188
C0AI10 121.5448 24.9218 76
C0AI20 121.5191 25.2831 25
C0AI30 121.5006 25.0573 26
C0AI40 121.5131 25.1156 35
C0AJ20 121.69 25.207 50
C0AJ30 121.4086 25.1846 22
C0AJ40 121.6012 25.2737 154
C0AJ50 121.8622 25.1237 30
C0AJ60 121.4481 25.24 13
C0AJ70 121.4886 25.2698 21
C0AJ80 121.4489 25.0107 38
C0AJ90 121.9253 25.0552 23
C0B010 121.7171 25.0948 38
C0B020 121.7839 25.1914 86
C0B040 121.707 25.1667 15
C0B050 121.7917 25.1448 5
C0B060 121.7403 25.0957 83
C0C460 121.3523 24.8202 482
C0C480 121.3232 24.9924 105
C0C490 121.2833 24.9287 157
C0C590 121.1533 25.0271 72
C0C620 121.2658 25.0843 19
C0C630 121.2655 24.8829 209
C0C650 121.2146 24.8975 208
C0C660 121.143 24.9124 176
C0C670 121.2214 24.8701 250
C0C680 121.3866 25.0285 228
C0C700 121.2564 24.9777 151
C0C710 121.325 24.8929 143
C0C720 121.2398 25.1127 21
C0C730 121.0086 24.9661 5
C0C740 121.1149 25.0648 5.3
C0C750 121.0971 25.0061 72
C0D360 121.2086 24.6783 523
C0D430 121.0172 24.6905 87
C0D480 121.1508 24.8497 223
C0D540 121.1169 24.7112 227
C0D550 121.1161 24.527 1956
C0D560 121.0579 24.7671 147
C0D580 121.0252 24.735 120
C0D590 120.9772 24.8707 143
C0D650 121.0436 24.9048 97
C0D660 120.9869 24.7987 65
C0D670 120.9144 24.832 23
C0D680 120.915 24.7836 24
C0D690 120.9687 24.9177 20
C0D700 121.1732 24.7977 155
C0E420 120.8889 24.709 19
C0E430 121.0002 24.6018 258
C0E550 120.8854 24.5835 84
C0E590 120.7046 24.4719 40
C0E610 120.9302 24.4513 850
C0E730 120.9122 24.6882 26
C0E740 120.8648 24.6371 27
C0E750 120.8246 24.5646 62
C0E780 120.7909 24.4897 160
C0E791 120.8244 24.3126 366
C0E810 120.7485 24.5629 53
C0E820 120.92 24.5391 220
C0E830 120.6531 24.4397 37
C0E850 120.9486 24.6181 104
C0E870 120.8261 24.6073 34
C0E910 120.7724 24.6488 25
C0E920 120.6739 24.4986 20
C0E930 120.8591 24.7 26
C0F0A0 121.2363 24.3886 3587
C0F0B0 120.7776 24.2761 311
C0F0C0 120.9033 24.2485 983
C0F0D0 121.4203 24.3817 3171
C0F0E0 121.4447 24.3637 3557
C0F850 120.833 24.2464 379
C0F861 121.2437 24.2475 2215
C0F970 120.7223 24.1731 145
C0F9I0 120.6583 24.2725 194
C0F9K0 120.588 24.3451 30
C0F9L0 120.7297 24.3104 253
C0F9M0 120.7207 24.2543 230
C0F9N0 120.7014 24.0925 75
C0F9O0 120.7039 24.2131 175
C0F9P0 120.5622 24.3123 26
C0F9Q0 120.7057 24.3478 149
C0F9R0 120.529 24.1845 20
C0F9S0 120.6241 24.1071 43
C0F9T0 120.6413 24.1795 111
C0F9U0 120.638 24.137 74
C0F9V0 120.8158 24.2002 525
C0F9X0 120.6245 24.2153 166
C0F9Y0 121.3038 24.4327 3313
C0F9Z0 121.2687 24.3888 3193
C0FA10 120.6175 24.4291 22
C0FA20 120.5831 24.3722 26
C0FA30 120.5234 24.256 31.73
C0FA40 120.4907 24.2146 25
C0FA50 120.6995 24.0419 58
C0G620 120.6213 24.0157 110
C0G650 120.5856 23.9465 34
C0G660 120.4791 23.9484 27
C0G720 120.4991 23.8516 50
C0G730 120.3761 23.9033 27
C0G740 120.3209 23.8525 24
C0G770 120.4377 24.0413 15
C0G780 120.5039 24.0341 27
C0G800 120.4317 24.0004 15
C0G810 120.5255 23.9476 26
C0G820 120.5094 23.9017 29
C0G830 120.4528 23.866 27
C0G860 120.5862 23.8976 45
C0G880 120.6173 23.8107 92
C0G890 120.4844 24.1489 24
C0G900 120.4435 24.1434 20
C0G910 120.5495 24.0321 42
C0G920 120.5475 23.9247 42
C0G940 120.3868 23.8483 21
C0G950 120.4871 24.1835 23
C0G960 120.3814 24.0443 5
C0G970 120.2895 23.882 19
C0H890 120.9524 23.9722 440
C0H960 120.6809 23.9737 120
C0H990 121.2736 24.1213 3076
C0H9A0 120.8437 23.5327 1595
C0H9C0 121.2725 24.1434 3402
C0I010 121.1818 24.0333 1562
C0I080 120.851 23.6897 536
C0I110 120.6882 23.7612 161
C0I360 120.8498 23.8126 300
C0I370 120.9414 23.8957 671
C0I380 120.8015 23.8282 258
C0I390 121.1322 24.0221 1184
C0I410 120.7014 23.8371 180
C0I420 120.8551 24.0378 305
C0I460 120.6873 23.9115 110
C0I480 121.1736 24.0853 2165
C0I490 121.0914 23.9282 1601
C0I520 120.956 23.4705 3860
C0I530 121.2957 24.1318 3014
C0I540 121.3265 24.1092 3344
C0K250 120.3189 23.7556 12
C0K280 120.2271 23.6304 23
C0K291 120.1693 23.5363 8
C0K330 120.442 23.7192 38
C0K390 120.3956 23.679 31
C0K400 120.5411 23.7206 65
C0K410 120.2928 23.574 20
C0K420 120.4674 23.8004 42
C0K430 120.3036 23.6909 30
C0K440 120.4089 23.7728 35
C0K450 120.4315 23.6461 35
C0K460 120.4784 23.6787 60
C0K470 120.6096 23.7487 97
C0K480 120.5024 23.7612 56
C0K500 120.315 23.6498 12
C0K510 120.246 23.5729 10
C0K530 120.1976 23.7015 12
C0K550 120.2297 23.5143 15
C0K560 120.6034 23.6865 117
C0K580 120.4179 23.7375 26
C0K590 120.2557 23.6742 18
C0K600 120.14 23.6197 14
C0M520 120.2481 23.3699 15
C0M530 120.6993 23.4939 1385
C0M640 120.5229 23.4254 155
C0M650 120.239 23.4346 20
C0M660 120.4036 23.6041 40
C0M670 120.4584 23.6006 43
C0M680 120.3315 23.4551 37
C0M690 120.3889 23.4197 33
C0M700 120.5555 23.5262 150
C0M710 120.1539 23.4589 15
C0M720 120.5542 23.4647 225
C0M730 120.4605 23.4577 40
C0M740 120.2906 23.4929 15
C0M750 120.1678 23.3809 10
C0M760 120.4285 23.5518 40
C0M770 120.5556 23.5854 164
C0M780 120.3084 23.4113 30
C0M790 120.3457 23.5533 15
C0M800 120.6648 23.2991 440
C0M810 120.7166 23.3891 1354
C0M820 120.7495 23.454 980
C0M850 120.6417 23.2419 695
C0M860 120.6832 23.338 578
C0M880 120.138 23.3364 27
C0N010 120.0889 23.1879 19
C0N020 120.0956 23.0568 27
C0N030 120.1116 23.0235 2
C0N040 120.0961 23.2344 22
C0N050 120.1104 23.301 37
C0O830 120.495 23.0796 127
C0O840 120.4009 23.2221 134
C0O860 120.3608 23.1189 38
C0O900 120.2972 23.1129 9
C0O960 120.3693 22.9595 112
C0O970 120.3479 23.0214 71
C0O980 120.2982 23.0616 18
C0O990 120.2935 22.9918 18
C0R100 120.6839 22.8331 1006
C0R130 120.7437 22.7429 1040
C0R140 120.6866 22.6829 740
C0R150 120.6399 22.7099 105
C0R160 120.5308 22.7396 45
C0R170 120.4941 22.6603 26
C0R190 120.6143 22.5923 32
C0R220 120.54 22.5344 23
C0R240 120.6251 22.5273 87
C0R260 120.6283 22.3704 76
C0R270 120.3622 22.3322 51
C0R280 120.8368 22.0761 242
C0R320 120.7162 22.0744 7
C0R341 120.7926 22.13 230
C0R350 120.7358 21.9218 35
C0R440 120.7532 22.4053 1654
C0R470 120.6008 22.8264 103
C0R480 120.5426 22.6931 57
C0R490 120.4905 22.7405 49
C0R520 120.5069 22.5148 18
C0R540 120.5524 22.4195 17
C0R550 120.5829 22.4679 38
C0R560 120.4616 22.5434 22
C0R570 120.5272 22.6508 37
C0R580 120.5027 22.4859 10
C0R590 120.4946 22.7792 72
C0R600 120.6649 22.5882 766
C0R620 120.8553 21.9008 34
C0R640 120.4407 22.4625 21
C0R650 120.5434 22.5849 29
C0R660 120.5906 22.3677 20
C0R670 120.6922 22.1901 26
C0R680 120.8616 21.9936 13
C0R690 120.8103 21.9668 348
C0R700 120.6611 22.2468 19
C0R710 120.8389 21.9317 117
C0R720 120.8876 22.2054 214
C0R730 120.6936 22.0246 163
C0R740 120.7053 22.2016 58
C0R750 120.8024 22.077 551
C0R760 120.8634 22.0847 336
C0R770 120.7641 22.0711 93
C0R780 120.8399 22.0244 72
C0R790 120.8893 22.142 111
C0R800 120.751 22.2045 131
C0R810 120.643 22.3051 25
C0R820 120.6662 22.4543 588
C0R830 120.8368 22.1218 383
C0R840 120.8412 22.1684 536
C0R850 120.5339 22.4634 16
C0R860 120.8979 22.1043 31
C0R870 120.8439 21.9752 13
C0R880 120.7457 21.9457 13
C0R890 120.7091 21.9878 33
C0R900 120.7022 22.1385 30
C0R910 120.5548 22.3929 8
C0R920 120.5197 22.4169 19
C0R930 120.4851 22.5885 18
C0R940 120.6217 22.3363 24
C0S660 121.0703 23.1504 794
C0S690 120.9853 22.609 522
C0S700 121.0056 22.6849 507
C0S710 121.123 22.9177 382
C0S730 121.4753 22.6672 110
C0S740 121.2095 23.1196 289
C0S750 120.9861 23.2484 2280
C0S760 121.1262 23.0691 1621
C0S770 120.9433 22.4785 375
C0S790 120.9669 22.5381 236
C0S810 121.304 22.9727 65
C0S830 121.412 23.2868 288
C0S840 120.8892 22.2797 22
C0S890 121.175 23.0395 238
C0S900 121.5121 22.0491 27
C0S910 121.5031 22.0812 212
C0S920 120.9608 22.5948 133
C0S930 121.0841 22.9026 248
C0S940 121.4066 23.2238 150
C0S950 121.2299 22.9545 415
C0S960 120.9934 22.5876 32
C0S970 120.9269 22.4162 19
C0S980 120.8938 22.4304 903
C0S990 120.8574 22.3186 409
C0SA00 120.8919 22.521 466
C0SA10 121.1093 22.81 411
C0SA20 120.9597 22.5674 857
C0SA30 121.3236 23.0203 93
C0SA40 121.1567 22.9744 200
C0SA60 121.0828 22.7024 11
C0SA80 120.8876 22.4531 136
C0SA90 120.824 22.2643 497
C0T790 121.3161 24.1861 2830
C0T820 121.4956 24.1796 550
C0T870 121.5089 23.9356 135
C0T900 121.4415 23.8119 160
C0T960 121.425 23.6607 120
C0T9A0 121.5398 23.8099 498
C0T9B0 121.5372 23.9919 558
C0T9D0 121.741 24.2668 8
C0T9E0 121.582 23.8806 415
C0T9F0 121.5425 23.7971 251
C0T9G0 121.4201 23.7353 605
C0T9H0 121.5274 23.6829 725
C0T9I0 121.5148 23.5839 152
C0T9M0 121.495 23.4552 92
C0T9N0 121.2494 23.1716 261
C0U520 121.6413 24.753 517
C0U600 121.7656 24.8175 10
C0U650 121.5871 24.6753 442
C0U710 121.5257 24.5055 1942
C0U720 121.3817 24.4374 1260
C0U750 121.9531 24.8417 398
C0U760 121.8332 24.522 22
C0U770 121.8102 24.4494 5
C0U780 121.7979 24.6864 15
C0U860 121.8308 24.8532 5
C0U870 121.675 24.791 474
C0U880 121.8734 24.9072 2
C0U890 121.653 24.6681 116
C0U900 121.6877 24.7181 63
C0U910 121.7937 24.6337 17
C0U940 121.7493 24.6818 25
C0U950 121.7924 24.8975 1012
C0U960 121.608 24.5109 1885
C0U970 121.8139 24.8006 7
C0U980 121.774 24.8648 573
C0U990 121.7225 24.7444 31
C0UA00 121.4953 24.5765 392
C0UA10 121.4122 24.5903 1711
C0UA20 121.3732 24.3686 2619
C0UA30 121.519 24.5278 1397
C0UA40 121.7526 24.5606 1121
C0UA50 121.8026 24.5554 808
C0UA60 121.7833 24.4139 566
C0UA70 121.8889 24.9626 547
C0UA80 121.903 24.9418 10
C0UA90 121.9512 24.9804 5
C0UB00 121.7304 24.8232 379
C0UB10 121.8571 24.5969 28
C0UB20 121.8163 24.7359 30
C0V210 120.8061 23.2224 734
C0V310 120.5192 22.8987 46
C0V350 120.4468 22.7386 36
C0V360 120.4668 22.9755 94
C0V370 120.4019 22.8932 74
C0V400 120.3555 22.8042 56
C0V440 120.3561 22.6467 27
C0V450 120.3926 22.5451 51
C0V490 120.2988 22.6274 20
C0V530 120.3275 22.8832 34
C0V610 120.2672 22.7606 22
C0V620 120.2369 22.8232 18
C0V630 120.1826 22.9066 19
C0V640 120.2445 22.8871 35
C0V650 120.2464 22.7838 28
C0V660 120.295 22.7971 25
C0V680 120.3477 22.7011 40
C0V690 120.2756 22.6233 30
C0V700 120.3112 22.645 24
C0V710 120.3307 22.6227 34
C0V720 120.3945 22.5077 15
C0V730 120.3957 22.6056 33
C0V740 120.4836 22.8886 60
C0V750 120.2594 22.855 50
C0V760 120.3058 22.7578 30
C0V770 120.3466 22.7303 26
C0V790 120.6881 22.9059 410
C0V800 120.6336 22.9979 256
C0V810 120.2849 22.6749 32
C0V820 120.6333 23.1484 441
C0V840 120.3591 22.5083 35
C0V850 120.2527 22.7256 22
C0V860 120.2339 22.7616 10
C0V870 120.2164 22.8025 23
C0V880 120.2127 22.8778 19
C0V890 120.3117 22.5718 25
C0V900 120.4151 22.4782 6
C0W110 119.9807 25.9652 16
C0W120 119.4684 23.5626 58
C0W130 119.3228 23.4001 18
C0W140 118.4088 24.4883 21
C0W150 118.329 24.4577 42
C0W160 119.4496 24.9944 49
C0W180 119.4449 23.2193 29
C0W190 119.4941 23.3806 52
C0W200 119.6728 23.5963 18
C0W220 119.9749 26.2204 40
C0X050 120.3856 23.2966 25
C0X060 120.2563 23.227 19
C0X080 120.1451 23.173 2
C0X100 120.1942 23.0104 10
C0X110 120.1884 22.9612 20
C0X120 120.2486 23.1833 28
C0X130 120.3154 23.1932 27
C0X140 120.2031 23.1256 17
C0X150 120.2278 23.1026 18
C0X160 120.2577 22.9683 26
C0X170 120.3278 22.963 50
C0X180 120.3633 23.0757 62
C0X190 120.1522 22.9932 10
C0X200 120.4085 23.0568 61
C0X210 120.4144 23.3475 38
C0X220 120.1822 23.2304 26
C0X230 120.2476 23.2726 29
C0X240 120.508 23.3312 394
C0X250 120.3167 23.3107 33
C0X260 120.3623 23.3664 39
C0X280 120.1358 23.215 22
C0X290 120.1255 23.2678 10
C0X300 120.4773 23.386 70
C0X320 120.3753 23.2533 30
C0Z020 121.2623 23.2087 211
C0Z050 121.2132 23.3457 824
C0Z061 121.3397 23.3215 174
C0Z070 121.3741 23.4681 247
C0Z080 121.3782 23.5876 298
C0Z100 121.5498 23.8953 36
C0Z150 121.5952 23.9309 27
C0Z160 121.4534 23.7461 124
C0Z170 121.3029 23.3443 194
C0Z180 121.6049 24.0405 37
C0Z190 121.6297 24.1474 62
C0Z200 121.4201 23.7092 153
C0Z210 121.3902 23.5239 126
C0Z220 121.6563 24.3439 589
C0Z230 121.7701 24.3072 31
C0Z250 121.3069 23.4928 1124
C0Z270 121.5401 23.7384 343
C0Z280 121.4107 23.4743 224
C0Z290 121.3829 23.3689 946
C0Z300 121.3055 23.2685 182
C0Z310 121.6891 24.2183 59
C0Z320 121.1883 23.2713 646
C0Z330 121.3485 23.2907 488
C1A630 121.5386 24.771 527
C1A750 121.6462 25.0087 92
C1A760 121.7134 24.9428 217
C1A9N0 121.5933 24.9342 435
C1AC50 121.4693 25.1335 111
C1AI50 121.6197 25.0342 64
C1AI60 121.3838 25.0644 181
C1C510 121.0872 24.9401 106
C1D380 121.0383 24.8475 65
C1D400 121.2839 24.7191 839
C1D410 121.0799 24.5794 1290
C1D420 121.1606 24.6328 1279
C1D630 121.1192 24.7665 462
C1D640 121.091 24.6444 718
C1E451 120.9402 24.3686 950
C1E461 120.986 24.398 1325
C1E480 121.0347 24.5548 576
C1E511 120.827 24.3477 326
C1E601 120.7348 24.5725 125
C1E670 121.0028 24.5383 1209
C1E681 120.9238 24.4217 977
C1E691 120.8375 24.4014 786
C1E701 120.9276 24.4918 737
C1E711 120.9017 24.3673 990
C1E721 120.968 24.489 1409
C1E770 120.8308 24.5269 83
C1E890 120.68 24.4634 53
C1E900 120.8442 24.561 80
C1F871 121.0186 24.2035 1000
C1F891 121.0011 24.2657 2205
C1F911 120.8411 24.2214 417
C1F941 121.0266 24.2806 2620
C1F9B1 120.7352 24.0662 130
C1F9C1 120.9299 24.1828 610
C1F9D1 120.8869 24.1583 639
C1F9E1 120.832 24.1605 563
C1F9F1 120.849 24.2724 500
C1F9G1 120.8484 24.1809 810
C1F9J1 120.8204 24.0712 723
C1F9W0 121.1903 24.2548 1970
C1G691 120.5676 23.8161 110
C1G9D0 120.4933 23.8906 30
C1H000 121.2052 24.1094 2454
C1H840 120.7077 23.841 231
C1H860 121.1835 24.1238 1840
C1H900 120.963 24.0808 934
C1H920 120.8799 24.102 736
C1H941 120.8022 23.9674 630
C1H971 120.6378 23.9251 428
C1H9B1 120.9947 24.1263 1710
C1I020 121.1323 23.9798 1120
C1I030 121.0525 23.9132 948
C1I050 121.1411 23.7537 2568
C1I070 120.8889 23.5911 825
C1I101 120.8076 23.6618 1810
C1I121 120.76 23.6784 1515
C1I131 120.6541 23.6419 311
C1I140 121.0879 23.7544 1700
C1I150 120.9494 23.7934 393
C1I201 120.7121 23.7287 677
C1I211 120.812 23.934 529
C1I220 120.847 23.9053 1098
C1I230 120.845 23.9619 837
C1I240 120.9179 23.9587 725
C1I250 120.9911 23.9619 732
C1I260 121.0069 23.9246 601
C1I280 120.6426 23.8208 439
C1I290 120.8874 23.6682 1151
C1I310 120.884 23.7545 1033
C1I320 121.1786 23.953 1275
C1I330 121.0761 23.9868 1266
C1I340 120.8687 23.5633 897
C1I400 121.0045 24.0188 1399
C1I430 121.2243 24.192 2415
C1I440 120.8789 23.4787 2540
C1I450 120.9443 23.5942 3025
C1I470 120.7864 23.6395 1680
C1I500 120.9949 23.8586 2017
C1I510 120.833 23.7615 1208
C1I550 120.8677 23.9791 373
C1K540 120.1805 23.5853 15
C1M390 120.6544 23.4067 1090
C1M400 120.5761 23.2519 369
C1M480 120.6078 23.537 840
C1M600 120.6033 23.4064 986
C1M610 120.6635 23.4966 1083
C1M620 120.6752 23.5451 1252
C1M640 120.7537 23.4922 1567
C1M870 120.5058 23.5503 121
C1N001 120.3094 22.9355 24
C1O850 120.4186 23.1486 44
C1O870 120.5223 23.3116 1249
C1O880 120.5941 23.1734 223
C1O921 120.4841 23.1835 115
C1O940 120.3985 23.286 55
C1R110 120.6452 22.7701 110
C1R120 120.7044 22.7633 820
C1R250 120.6292 22.4281 92
C1R290 120.7566 22.1126 260
C1R610 120.7322 22.6177 1828
C1R630 120.5909 22.667 60
C1S670 121.027 23.1995 1580
C1S800 121.0233 22.6579 80
C1S820 120.9332 22.591 177
C1S850 121.2624 23.1221 489
C1S860 121.0505 22.8094 516
C1S870 121.3823 23.1503 222
C1S880 120.8589 22.2389 474
C1SA50 121.0094 22.8233 1235
C1SA70 121.2269 22.8779 62
C1T800 121.454 24.2046 1260
C1T810 121.3884 24.192 2049
C1T830 121.5713 24.1718 675
C1T920 121.4987 23.7695 68
C1T940 121.3731 23.7142 539
C1T950 121.3701 23.6667 1050
C1T970 121.4133 23.6152 183
C1T980 121.4113 24.0233 1306
C1T990 121.3568 23.3942 128
C1TA00 121.6236 24.1577 94
C1U501 121.5737 24.6378 280
C1U670 121.7169 24.634 105
C1U840 121.8485 24.5378 750
C1U850 121.7786 24.3832 665
C1U920 121.3472 24.3931 2085
C1U930 121.8425 24.4971 5
C1V160 120.7053 23.2798 1040
C1V170 120.9541 23.4636 3690
C1V190 120.9118 23.274 2700
C1V200 120.8236 23.2684 870
C1V220 120.8136 23.1542 1781
C1V231 120.7167 23.1349 731
C1V300 120.7154 23.002 1637
C1V340 120.646 22.8883 190
C1V390 120.3678 22.8132 60
C1V570 120.5454 22.8542 82
C1V580 120.7885 23.085 1656
C1V590 120.6461 23.057 741
C1V600 120.757 23.072 1561
C1V780 120.7379 22.888 1050
C1V830 120.4265 22.782 114
C1X040 120.4638 23.2916 232
C1Z030 121.3388 23.4931 218
C1Z040 121.3274 23.4434 434
C1Z110 121.605 24.1156 680
C1Z120 121.5081 23.8709 62
C1Z130 121.4928 23.9657 187
C1Z140 121.4596 23.8906 950
C1Z240 121.2676 23.4212 1163
C0A510 121.4215 24.8871 590
C0A580 121.5463 24.9224 70
C0A590 121.666 25.0515 326
C0A680 121.435 25.0834 95
C0A710 121.3782 25.0764 238
C0A930 121.5941 25.2349 200
C0A990 121.5736 25.1063 463
C0A9A0 121.5429 25.078 24
C0A9B0 121.5138 25.1163 7
C0A9D0 121.5048 25.0089 13
C0A9E0 121.503 25.0903 26
C0A9G0 121.6029 25.0554 42
C0A9H0 121.5646 25.0381 51
C0A9I0 121.4885 25.064 18
C0A9I1 121.4885 25.0567 18
C0AC90 121.516 24.9902 32
C0AD20 121.6176 25.0014 57
C0AG90 121.4904 24.9926 25
C0AJ10 121.9273 25.0571 20
C0C450 121.1068 24.9713 92
C0C500 121.1483 24.9209 181
C0C520 121.1853 24.9676 151
C0C540 121.226 25.0478 46
C0C570 121.0476 25.0076 5
C0C580 120.9854 24.8688 143
C0C610 121.2165 24.8568 234
C0C640 121.3757 25.0303 177
C0D370 121.044 24.9091 79
C0D390 121.1739 24.7982 146
C0D470 121.0579 24.7671 229
C0D570 120.9055 24.7469 15
C0E410 121.1132 24.506 2087
C0E440 120.9469 24.6173 122
C0E520 120.8709 24.4149 320
C0E530 120.766 24.4109 341
C0E540 120.7839 24.6065 32
C0E580 120.6801 24.4335 60
C0E760 120.6582 24.4485 19
C0E790 120.8248 24.3128 344
C0E880 120.7498 24.4055 507
C0E940 121.0135 24.426 1881
C0F000 120.5721 24.153 273
C0F860 121.2593 24.2552 1980
C0F900 120.9043 24.2886 535
C0F920 120.7703 24.2801 290
C0F930 120.6404 24.3477 100
C0F950 121.2726 24.1435 3430
C0F990 120.6073 24.2191 253
C0F9A0 120.7511 24.1036 425
C0FA00 120.9476 24.2735 983
C0G640 120.4305 24.0753 17
C0G710 120.2798 23.8485 64
C0G750 120.3825 23.8466 31
C0G760 120.5746 23.8752 53
C0G790 120.5523 24.0161 27
C0G840 120.5142 23.8776 32
C0G850 120.5883 23.8568 62
C0G870 120.32 23.9223 12
C0H950 120.7664 23.8844 192
C0H980 120.9951 23.9363 83
C0I090 120.7873 23.7281 910
C0K240 120.6935 23.5956 1132
C0K290 120.1726 23.5422 3
C0K300 120.6053 23.6413 369
C0K490 120.5598 23.6543 91
C0K520 120.1548 23.6744 10
C0M410 120.582 23.3244 245
C0M830 120.6682 23.3838 540
C0O810 120.4973 23.2197 161
C0O890 120.4886 23.0427 167
C0O910 120.3215 23.2923 16
C0O930 120.4606 23.126 69
C0O950 120.1449 23.0767 4
C0R340 120.8378 22.1924 285
C0R360 120.8022 21.9456 20
C0R370 120.8446 21.992 55
C0R380 120.5896 22.3694 2
C0R400 120.6927 22.1902 15
C0R420 120.8406 22.1678 504
C0R430 120.4417 22.4649 31
C0R500 120.544 22.5849 32
C0R510 120.4904 22.5878 31
C0R530 120.51 22.4308 16
C0S680 121.0392 22.9198 1659
C0S720 121.4948 23.4551 92
C0T840 121.6056 23.9988 32
C0T841 121.6095 24.0379 23
C0T9C0 121.6296 24.1482 109
C0U620 121.7897 24.7437 17
C0U640 121.7478 24.6838 24
C0U680 121.7935 24.6324 22
C0U730 121.3567 24.3972 1984
C0V150 120.6647 23.2602 1163
C0V250 120.5918 23.0801 298
C0V260 120.5399 22.971 126
C0V430 120.2937 22.6779 26
C0V500 120.2859 22.5886 6
C0V670 120.286 22.7198 20
C0W170 120.4836 26.3588 42
C0X020 120.5116 23.327 403
C0X270 120.3736 23.2572 33
C0X310 120.0863 23.1473 9
C0Z060 121.3178 23.3446 130
C0Z260 121.5076 23.8421 64
C1A640 121.6629 24.9937 140
C1A650 121.7426 25.0024 380
C1A660 121.8013 25.1132 101
C1A670 121.4468 25.0515 9
C1A680 121.4354 25.0835 95
C1A690 121.5863 24.981 260
C1A700 121.4899 24.9813 197
C1A710 121.3782 25.0763 238
C1A720 121.5654 25.0749 10
C1A730 121.5395 25.0144 22
C1A740 121.4568 25.1626 40
C1A970 121.4674 25.1329 45
C1AC80 121.5757 25.0021 45
C1AC90 121.5163 24.9896 49
C1ACA0 121.4476 25.0518 25
C1C460 121.3513 24.8196 350
C1C470 121.0724 25.0177 94
C1C480 121.3232 24.9924 105
C1C490 121.2915 24.9271 180
C1C500 121.1482 24.921 187
C1C520 121.1853 24.9677 151
C1C540 121.226 25.0477 70
C1C570 121.0515 25.0141 5
C1C620 121.2707 25.086 24
C1D370 121.044 24.9093 104
C1D390 121.1739 24.7983 146
C1D430 121.0171 24.6904 100
C1D440 120.9776 24.8004 36
C1D480 121.151 24.8332 223
C1D560 121.0581 24.7675 147
C1E440 120.9551 24.6154 122
C1E450 120.9404 24.3685 968
C1E460 120.986 24.3977 1400
C1E470 121.1904 24.4924 1800
C1E490 121.0596 24.3527 2533
C1E500 120.8112 24.3071 345
C1E510 120.8271 24.3477 350
C1E520 120.8746 24.4171 350
C1E540 120.7837 24.6063 41
C1E550 120.8868 24.5846 109
C1E560 120.9151 24.5141 392
C1E570 120.829 24.4957 146
C1E590 120.7043 24.4716 70
C1E600 120.7346 24.5727 150
C1E680 120.9237 24.4218 949
C1E690 120.8376 24.401 770
C1E700 120.9276 24.4918 749
C1E710 120.9015 24.3674 959
C1E720 120.9676 24.4888 1333
C1F000 120.5726 24.153 348
C1F850 120.8334 24.2463 320
C1F870 121.019 24.2032 1045
C1F880 120.9943 24.126 1677
C1F890 121.0012 24.2657 2010
C1F910 120.8409 24.2216 440
C1F920 120.7704 24.2796 280
C1F930 120.6421 24.351 90
C1F940 121.0268 24.2807 2605
C1F960 120.6523 24.2213 125
C1F970 120.7362 24.1716 170
C1F980 120.8095 24.0885 600
C1F990 120.6073 24.2191 253
C1F9A0 120.7515 24.1038 425
C1F9B0 120.7354 24.0663 124
C1F9C0 120.9298 24.1827 619
C1F9D0 120.887 24.1582 613
C1F9E0 120.8321 24.1602 537
C1F9F0 120.8493 24.2724 504
C1F9G0 120.8479 24.181 782
C1F9H0 120.9457 24.2791 886
C1F9H1 120.9458 24.2791 930
C1F9I0 120.6587 24.2727 189
C1F9J0 120.8204 24.0716 723
C1G620 120.6212 24.0155 133
C1G630 120.5551 24.0788 15
C1G631 120.5547 24.0791 98
C1G660 120.479 23.9483 121
C1G670 120.4959 23.8482 14
C1G680 120.3784 23.9596 10
C1G690 120.5751 23.8177 61
C1G700 120.3522 23.882 15
C1H850 121.2266 24.1929 2297
C1H870 121.1307 24.0186 1113
C1H880 121.0149 24.0168 1318
C1H890 120.9523 23.9709 429
C1H910 120.9291 23.9009 724
C1H930 120.8748 23.9853 393
C1H940 120.8023 23.9674 600
C1H950 120.7665 23.8843 180
C1H960 120.6629 23.9971 75
C1H970 120.6381 23.9255 425
C1H9B0 120.9943 24.126 1677
C1I040 120.9935 23.8494 1693
C1I060 120.9282 23.6191 2403
C1I080 120.851 23.6897 536
C1I100 120.8073 23.6613 1771
C1I120 120.7598 23.6785 1528
C1I130 120.6537 23.6424 307
C1I160 120.8715 23.7799 339
C1I170 120.775 23.8264 235
C1I180 120.8204 24.0716 723
C1I190 120.8605 24.0618 660
C1I200 120.7123 23.7285 661
C1I210 120.812 23.9341 566
C1I270 120.8541 23.832 593
C1I300 120.8738 23.7283 781
C1I350 120.9251 23.5563 887
C1K230 120.4526 23.8044 79
C1K250 120.3189 23.7556 59
C1K260 120.2332 23.7892 29
C1K270 120.3081 23.7049 21
C1K310 120.5163 23.7055 40
C1K320 120.5119 23.658 51
C1K340 120.3899 23.688 33
C1K350 120.2953 23.569 24
C1K380 120.6012 23.5867 649
C1M440 120.8789 23.4787 2540
C1M450 120.5256 23.5612 167
C1M460 120.4043 23.604 14
C1M470 120.1489 23.5052 23
C1M490 120.5642 23.4854 130
C1M500 120.3623 23.4783 41
C1M510 120.2577 23.4698 8
C1M520 120.2484 23.3697 6
C1M540 120.581 23.3618 768
C1M550 120.5203 23.4235 110
C1M551 120.5238 23.4211 110
C1M560 120.3841 23.4124 43
C1M570 120.6202 23.475 728
C1M630 120.7488 23.5951 1052
C1N000 120.3092 22.9358 25
C1O820 120.4042 23.0551 30
C1O830 120.4945 23.0796 105
C1O840 120.3992 23.2208 144
C1O860 120.3614 23.1202 61
C1O920 120.4845 23.1833 150
C1O950 120.1448 23.0766 4
C1O960 120.3689 22.9596 80
C1O970 120.3478 23.0213 60
C1O980 120.2987 23.0622 76
C1O990 120.2934 22.9916 23
C1P9A0 120.2799 22.8371 35
C1R090 120.4966 22.8002 42
C1R130 120.7436 22.7427 1040
C1R140 120.687 22.683 740
C1R160 120.5308 22.7396 45
C1R170 120.4941 22.6603 26
C1R180 120.28 22.8366 35
C1R190 120.6164 22.591 48
C1R200 120.6022 22.6671 61
C1R201 120.602 22.6671 63
C1R210 120.5518 22.6573 54
C1R230 120.5165 22.4926 20
C1R240 120.6251 22.5273 87
C1R260 120.6283 22.3704 76
C1R300 120.8877 22.1946 13
C1R310 120.8589 22.2389 489
C1R320 120.7162 22.0744 7
C1R330 120.6611 22.2469 9
C1R340 120.7926 22.13 230
C1R440 120.7532 22.4053 1654
C1S620 120.8876 22.4531 122
C1S630 121.228 22.8784 23
C1S640 121.3064 22.9718 65
C1S650 121.412 23.2868 288
C1S660 121.07 23.1502 794
C1T850 121.5628 23.9733 50
C1T860 121.4927 23.966 168
C1T880 121.5479 23.8869 27
C1T890 121.5079 23.8691 40
C1T900 121.4178 23.8068 160
C1T910 121.4047 23.8536 653
C1T930 121.4456 23.7436 130
C1U511 121.6716 24.5716 492
C1U521 121.6412 24.7529 517
C1U580 121.8734 24.9072 8
C1U590 121.8146 24.8519 6
C1U610 121.6783 24.786 268
C1U620 121.7896 24.7437 17
C1U630 121.6794 24.7151 140
C1U660 121.6544 24.6706 103
C1U680 121.7935 24.6324 22
C1U690 121.7513 24.6256 101
C1U700 121.4971 24.5724 370
C1U720 121.3817 24.4374 1260
C1U830 121.8394 24.4827 618
C1U860 121.8308 24.8532 5
C1U880 121.8719 24.9065 8
C1V180 120.432 22.61 24
C1V210 120.8059 23.2224 700
C1V230 120.7167 23.1349 731
C1V240 120.6601 23.0521 470
C1V260 120.5398 22.9713 112
C1V270 120.8064 23.076 1792
C1V280 120.7542 23.0749 1533
C1V290 120.7939 23.0352 1166
C1V320 120.5572 22.8412 95
C1V330 120.4943 22.8777 63
C1V350 120.4468 22.7386 36
C1V360 120.4668 22.9755 94
C1V380 120.2922 22.8791 16
C1V400 120.3434 22.813 51
C1V410 120.2977 22.7552 31
C1V420 120.3526 22.7508 55
C1V430 120.2953 22.6772 13
C1V440 120.3561 22.6467 27
C1V450 120.3845 22.538 61
C1V451 120.3926 22.5452 51
C1V460 120.8926 23.4364 1857
C1V530 120.3276 22.8832 34
C1X010 120.2605 23.3298 15
C1X030 120.429 23.3252 33
C1X050 120.3853 23.2969 19
C1X060 120.2563 23.227 19
C1X070 120.1249 23.2682 4
C1X090 120.1461 23.1418 6
C1Z010 121.2716 23.297 198
C1Z020 121.2623 23.2088 211
C1Z090 121.6051 24.117 706
01A171 121.616 24.9321 200
01A211 121.4246 24.8843 600
01A411 121.5179 25.0196 15
01A421 121.5385 25.1693 600
01A431 121.4899 24.7771 500
01A441 121.5746 24.8682 916
01B031 121.6949 25.079 16
01C401 121.2443 24.8174 142
21C071 121.3915 24.6815 1220
21C081 121.3582 24.7149 620
21C091 121.4082 24.6315 1260
21C141 121.3582 24.7982 350
21D151 121.3082 24.6649 780
21D161 121.2248 24.5482 1620
21D171 121.3082 24.5649 630
21D351 121.3582 24.5815 2000
21U111 121.4749 24.6315 1150
C0AK10 121.3649 25.1349 18
C0E570 120.6968 24.5494 31
C0FB70 120.6201 24.3706 41
C0G9B0 120.4921 24.1052 26
C0R741 120.7052 22.2023 72
C0R950 120.5878 22.5077 51
C0R960 120.5707 22.6085 58
C0SB10 121.0602 22.6821 28
C0SB20 121.1927 22.7925 29
C0SB30 121.2232 22.8692 60
C0SB40 121.2575 22.9137 65
C0SB50 121.3432 23.0471 7
C0SB60 121.4019 23.1268 20
C0SB70 121.4004 23.1586 28
C0SB80 121.46 23.3136 53
C0TA10 121.6383 23.9953 17
C0TA20 121.6089 24.082 45
C0V910 120.4328 22.6846 50
C0W240 118.2402 24.4238 52
C0AK30 121.4264 25.1361 607
C0TA30 121.5927 23.8456 11
C0C790 121.4089 24.8284 858
C0C800 121.4293 24.6473 1167
C0D750 121.0877 24.5 2292
C0D760 121.1108 24.5362 1371
C0E950 120.986 24.3979 1328
C0E960 121.1139 24.5058 2094
C0FA60 121.0008 24.2671 2137
C0FA70 121.0306 24.2687 2591
C0FA80 121.0263 24.2803 2629
C0FA90 121.0365 24.2952 2940
C0FB00 121.0074 24.2547 2275
C0FB10 120.9048 24.2311 1034
C0FB20 120.9786 24.2319 2006
C0FB30 121.0014 24.1927 961
C0FB40 121.1455 24.2499 1341
C0UB60 121.4753 24.6507 1163
C0UB70 121.5135 24.542 890
C0UB80 121.5686 24.4977 1981
C0UB90 121.5362 24.4942 1925
C0TA40 121.7311 24.3029 930
C0TA50 121.7125 24.2414 3
C0TA80 121.6419 24.1833 1108
12J990 120.1804 23.59 10
12Q970 120.4661 22.48 16
12Q980 120.7144 22.0797 16
42HA10 121.1396 23.9789 1000
72AI40 121.387 24.9445 40
72C440 121.0306 24.9509 70
72D080 121.1572 24.6122 1048
72D680 121.0661 24.8344 101.9
72G600 120.5344 24.003 19
72HA00 120.9634 23.9032 628
72K220 120.4773 23.6346 60
72M360 120.2794 23.3607 6
72M700 120.2831 23.4169 14
72N100 120.3422 23.0605 41
72N240 120.0629 23.0817 2
72Q010 120.5259 22.7093 45
72S200 121.0777 22.8295 240
72S590 121.0713 22.8139 290
72T250 121.5639 23.9752 36
72U480 121.7166 24.6863 27
72V140 120.5167 22.8579 44
82A750 121.6312 24.9558 401
82C160 121.1853 24.9085 195
82H320 120.9136 23.8756 850
82H840 120.7405 23.7625 390
82S580 121.1301 22.9077 175
A2C560 121.2398 24.9859 121
A2K360 120.1905 23.7172 1
A2K630 120.4239 23.7306 45
A2N290 120.3797 23.3403 23
B2E890 120.771 24.5278 90
B2N890 120.3364 23.059 31
B2Q810 120.8022 21.9456 20
B2U990 121.8326 24.669 10
C2A540 121.7457 24.8926 401
C2A560 121.5028 24.7762 405
C2A650 121.7429 25.0027 287
C2A660 121.8011 25.1132 97
C2A880 121.9421 25.0178 6
C2A920 121.5653 25.2638 196
C2E520 120.8709 24.4149 320
C2E540 120.7839 24.6065 32
C2E880 120.7498 24.4055 507
C2F000 120.5721 24.153 273
C2F930 120.6404 24.3477 100
C2F9A0 120.7511 24.1036 425
C2FA00 120.9476 24.2735 983
C2G640 120.4305 24.0753 17
C2G840 120.5142 23.8776 32
C2G870 120.32 23.9223 12
C2H950 120.7664 23.8844 192
C2I090 120.7873 23.7281 910
C2K240 120.6935 23.5956 1132
C2M410 120.582 23.3244 245
C2M620 120.6752 23.5451 1252
C2N160 120.3353 23.1895 43
C2O810 120.4973 23.2197 161
C2O930 120.4606 23.126 69
C2O950 120.1449 23.0767 4
C2V250 120.5918 23.0801 298
C2V260 120.5399 22.971 126
C2W230 119.5132 23.6283 35
CAG100 120.3259 23.9682 7
CAH030 120.6375 23.8601 300
CAJ050 120.1412 23.5754 4
CAL110 120.1803 23.3589 1.1
CAN130 120.0797 23.1208 2.3
CAN140 120.2996 23.2288 24
CAQ030 120.4952 22.4257 10
E2H360 120.8853 23.9183 681
E2HA20 121.3085 24.2269 2188
E2K600 120.1634 23.677 11
E2P980 120.6457 22.9917 272
E2P990 120.6857 22.9677 677
E2S960 120.9978 22.598 26
E2S980 120.98 22.5989 100
G2AI50 121.492 25.1158 9
G2F820 120.6881 24.0313 90
G2L020 120.4738 23.485 79
G2M350 120.4081 23.5857 26
G2P820 120.3561 22.6466 37
K2E360 120.8291 24.4957 100
K2E710 120.8718 24.4229 286
K2F750 120.8009 24.226 470
U2H480 120.7982 23.6703 1150
U2HA30 120.8889 23.5909 772
U2HA40 120.8511 23.6897 507
U2HA50 120.6816 23.757 156
V2C250 121.2664 24.9378 150
V2C260 121.2818 24.9785 103
V2K610 120.3679 23.8068 23
V2K620 120.2948 23.7538 9
72L140 120.2414 23.4982 9
A2Q950 120.4525 22.4704 5
E2S390 120.9811 22.5988 90
C2F860 121.2437 24.2475 2215
C2D720 121.1848 24.7573 164
C2D730 120.9762 24.7324 78
C2D740 121.2094 24.068 2047
C2E970 120.796 24.5358 175
C2F990 120.9368 24.3225 1018
C2FB50 120.9028 24.2065 1070
C2FB60 120.8589 24.1298 1117
C2G980 120.4442 23.8263 27
C2G9A0 120.558 23.8605 51
C2H9D0 120.8616 24.0931 741
C2H9E0 120.8466 23.9111 1166
C2H9F0 120.8471 24.0187 281
C2H9G0 120.9094 24.0511 502
C2H9H0 120.6935 23.8526 158
C2H9J0 120.9387 23.9996 545
C2H9L0 121.2018 24.1512 1999
C2H9M0 121.1645 24.1541 1255
C2H9N0 121.1205 24.0269 1439
C2H9P0 121.0883 23.9632 913
C2H9Q0 121.1893 24.1209 2032
C2H9R0 121.0001 23.8879 1301
C2H9S0 120.8332 23.9535 1000
C2H9T0 120.6376 23.8599 317
C2H9U0 120.7881 23.7639 343
C2H9W0 120.9328 24.0431 724
C2K610 120.7077 23.6025 1143
C2K620 120.3789 23.7215 24
C2K630 120.5951 23.6577 173
C2M910 120.4859 23.4713 68
C2M920 120.2594 23.4699 7
C2M930 120.7023 23.4787 1548
C2M940 120.7272 23.4341 1112
C2M950 120.703 23.5384 1367
C2M960 120.6657 23.5626 1126
C2M970 120.6242 23.5686 1019
C2R170 120.494 22.6603 35
C2R970 120.6192 22.6483 128
C2C410 121.1852 24.9677 129
C2V310 120.5191 22.8988 51
C2W030 118.4518 24.4484 24
466850 121.7812 25.0712 756
